  4
 26
 27
 28
 21
 22
 23
244
243
242
 30
 31
 32
 25
 26
 27
240
239
238
 34
 35
 36
 29
 30
 31
236
235
234
 38
 39
 40
 33
 34
 35
232
231
230
 42
 43
 44
 37
 38
 39
228
227
226
 46
 47
 48
 41
 42
 43
224
223
222
 50
 51
 52
 45
 46
 47
220
219
218
 54
 55
 56
 49
 50
 51
216
215
214
 58
 59
 60
 53
 54
 55
212
211
210
 62
 63
 64
 57
 58
 59
208
207
206
 66
 67
 68
 61
 62
 63
204
203
202
 70
 71
 72
 65
 66
 67
200
199
198
 74
 75
 76
 69
 70
 71
196
195
194
 78
 79
 80
 73
 74
 75
192
191
190
 82
 83
 84
 77
 78
 79
188
187
186
 86
 87
 88
 81
 82
 83
184
183
182
 90
 91
 92
 85
 86
 87
180
179
178
 94
 95
 96
 89
 90
 91
176
175
174
 98
 99
100
 93
 94
 95
172
171
170
102
103
104
 97
 98
 99
168
167
166
106
107
108
101
102
103
164
163
162
110
111
112
105
106
107
160
159
158
114
115
116
109
110
111
156
155
154
118
119
120
113
114
115
152
151
150
122
123
124
117
118
119
148
147
146
126
127
128
121
122
123
144
143
142
130
131
132
125
126
127
140
139
138
134
135
136
129
130
131
136
135
134
138
139
140
133
134
135
132
131
130
142
143
144
137
138
139
128
127
126
146
147
148
141
142
143
124
123
122
150
151
152
145
146
147
120
119
118
154
155
156
149
150
151
116
115
114
158
159
160
153
154
155
112
111
110
162
163
164
157
158
159
108
107
106
166
167
168
161
162
163
104
103
102
170
171
172
165
166
167
100
 99
 98
174
175
176
169
170
171
 96
 95
 94
178
179
180
173
174
175
 92
 91
 90
182
183
184
177
178
179
 88
 87
 86
186
187
188
181
182
183
 84
 83
 82
190
191
192
185
186
187
 80
 79
 78
194
195
196
189
190
191
 76
 75
 74
198
199
200
193
194
195
 72
 71
 70
202
203
204
197
198
199
 68
 67
 66
206
207
208
201
202
203
 64
 63
 62
210
211
212
205
206
207
 60
 59
 58
214
215
216
209
210
211
 56
 55
 54
218
219
220
213
214
215
 52
 51
 50
222
223
224
217
218
219
 48
 47
 46
226
227
228
221
222
223
 44
 43
 42
230
231
232
225
226
227
 40
 39
 38
234
235
236
229
230
231
 36
 35
 34
238
239
240
233
234
235
 32
 31
 30
242
243
244
237
238
239
 28
 27
 26
246
247
248
241
242
243
 24
 23
 22
250
251
252
245
246
247
 20
 19
 18
254
255
  0
249
250
251
 16
 15
 14
  2
  3
  4
253
254
255
 12
 11
 10
  6
  7
  8
  1
  2
  3
  8
  7
  6
 10
 11
 12
  5
  6
  7
  4
  3
  2
 14
 15
 16
  9
 10
 11
  0
255
254
 18
 19
 20
 13
 14
 15
252
251
250
 22
 23
 24
 17
 18
 19
248
247
246
 26
 27
 28
 21
 22
 23
244
243
242
 30
 31
 32
 25
 26
 27
240
239
238
 34
 35
 36
 29
 30
 31
236
235
234
 38
 39
 40
 33
 34
 35
232
231
230
 42
 43
 44
 37
 38
 39
228
227
226
 46
 47
 48
 41
 42
 43
224
223
222
 50
 51
 52
 45
 46
 47
220
219
218
 54
 55
 56
 49
 50
 51
216
215
214
 58
 59
 60
 53
 54
 55
212
211
210
 62
 63
 64
 57
 58
 59
208
207
206
 66
 67
 68
 61
 62
 63
204
203
202
 70
 71
 72
 65
 66
 67
200
199
198
 74
 75
 76
 69
 70
 71
196
195
194
 78
 79
 80
 73
 74
 75
192
191
190
 82
 83
 84
 77
 78
 79
188
187
186
 86
 87
 88
 81
 82
 83
184
183
182
 90
 91
 92
 85
 86
 87
180
179
178
 94
 95
 96
 89
 90
 91
176
175
174
 98
 99
100
 93
 94
 95
172
171
170
102
103
104
 97
 98
 99
168
167
166
106
107
108
101
102
103
164
163
162
110
111
112
105
106
107
160
159
158
114
115
116
109
110
111
156
155
154
118
119
120
113
114
115
152
151
150
122
123
124
117
118
119
148
147
146
126
127
128
121
122
123
144
143
142
130
131
132
125
126
127
140
139
138
134
135
136
129
130
131
136
135
134
138
139
140
133
134
135
132
131
130
142
143
144
137
138
139
128
127
126
146
147
148
141
142
143
124
123
122
150
151
152
145
146
147
120
119
118
154
155
156
149
150
151
116
115
114
158
159
160
153
154
155
112
111
110
162
163
164
157
158
159
108
107
106
166
167
168
161
162
163
104
103
102
170
171
172
165
166
167
100
 99
 98
174
175
176
169
170
171
 96
 95
 94
178
179
180
173
174
175
 92
 91
 90
182
183
184
177
178
179
 88
 87
 86
186
187
188
181
182
183
 84
 83
 82
190
191
192
185
186
187
 80
 79
 78
194
195
196
189
190
191
 76
 75
 74
198
199
200
193
194
195
 72
 71
 70
202
203
204
197
198
199
 68
 67
 66
206
207
208
201
202
203
 64
 63
 62
210
211
212
205
206
207
 60
 59
 58
214
215
216
209
210
211
 56
 55
 54
218
219
220
213
214
215
 52
 51
 50
222
223
224
217
218
219
 48
 47
 46
226
227
228
221
222
223
 44
 43
 42
230
231
232
225
226
227
 40
 39
 38
234
235
236
229
230
231
 36
 35
 34
238
239
240
233
234
235
 32
 31
 30
242
243
244
237
238
239
 28
 27
 26
246
247
248
241
242
243
 24
 23
 22
250
251
252
245
246
247
 20
 19
 18
254
255
  0
249
250
251
 16
 15
 14
  2
  3
  4
253
254
255
 12
 11
 10
  6
  7
  8
  1
  2
  3
  8
  7
  6
 10
 11
 12
  5
  6
  7
  4
  3
  2
 14
 15
 16
  9
 10
 11
  0
255
254
 18
 19
 20
 13
 14
 15
252
251
250
 22
 23
 24
 17
 18
 19
248
247
246
 26
 27
 28
 21
 22
 23
244
243
242
 30
 31
 32
 25
 26
 27
240
239
238
 34
 35
 36
 29
 30
 31
236
235
234
 38
 39
 40
 33
 34
 35
232
231
230
 42
 43
 44
 37
 38
 39
228
227
226
 46
 47
 48
 41
 42
 43
224
223
222
 50
 51
 52
 45
 46
 47
220
219
218
 54
 55
 56
 49
 50
 51
216
215
214
 58
 59
 60
 53
 54
 55
212
211
210
 62
 63
 64
 57
 58
 59
208
207
206
 66
 67
 68
 61
 62
 63
204
203
202
 70
 71
 72
 65
 66
 67
200
199
198
 74
 75
 76
 69
 70
 71
196
195
194
 78
 79
 80
 73
 74
 75
192
191
190
 82
 83
 84
 77
 78
 79
188
187
186
 86
 87
 88
 81
 82
 83
184
183
182
 90
 91
 92
 85
 86
 87
180
179
178
 94
 95
 96
 89
 90
 91
176
175
174
 98
 99
100
 93
 94
 95
172
171
170
102
103
104
 97
 98
 99
168
167
166
106
107
108
101
102
103
164
163
162
110
111
112
105
106
107
160
159
158
114
115
116
109
110
111
156
155
154
118
119
120
113
114
115
152
151
150
122
123
124
117
118
119
148
147
146
126
127
128
121
122
123
144
143
142
130
131
132
125
126
127
140
139
138
134
135
136
129
130
131
136
135
134
138
139
140
133
134
135
132
131
130
142
143
144
137
138
139
128
127
126
146
147
148
141
142
143
124
123
122
150
151
152
145
146
147
120
119
118
154
155
156
149
150
151
116
115
114
158
159
160
153
154
155
112
111
110
162
163
164
157
158
159
108
107
106
166
167
168
161
162
163
104
103
102
170
171
172
165
166
167
100
 99
 98
174
175
176
169
170
171
 96
 95
 94
178
179
180
173
174
175
 92
 91
 90
182
183
184
177
178
179
 88
 87
 86
186
187
188
181
182
183
 84
 83
 82
190
191
192
185
186
187
 80
 79
 78
194
195
196
189
190
191
 76
 75
 74
198
199
200
193
194
195
 72
 71
 70
202
203
204
197
198
199
 68
 67
 66
206
207
208
201
202
203
 64
 63
 62
210
211
212
205
206
207
 60
 59
 58
214
215
216
209
210
211
 56
 55
 54
218
219
220
213
214
215
 52
 51
 50
222
223
224
217
218
219
 48
 47
 46
226
227
228
221
222
223
 44
 43
 42
230
231
232
225
226
227
 40
 39
 38
234
235
236
229
230
231
 36
 35
 34
238
239
240
233
234
235
 32
 31
 30
242
243
244
237
238
239
 28
 27
 26
246
247
248
241
242
243
 24
 23
 22
250
251
252
245
246
247
 20
 19
 18
254
255
  0
249
250
251
 16
 15
 14
  2
  3
  4
253
254
255
 12
 11
 10
  6
  7
  8
  1
  2
  3
  8
  7
  6
 10
 11
 12
  5
  6
  7
  4
  3
  2
 14
 15
 16
  9
 10
 11
  0
255
254
 18
 19
 20
 13
 14
 15
252
251
250
 22
 23
 24
 17
 18
 19
248
247
246
 26
 27
 28
 21
 22
 23
244
243
242
 30
 31
 32
 25
 26
 27
240
239
238
 34
 35
 36
 29
 30
 31
236
235
234
 38
 39
 40
 33
 34
 35
232
231
230
 42
 43
 44
 37
 38
 39
228
227
226
 46
 47
 48
 41
 42
 43
224
223
222
 50
 51
 52
 45
 46
 47
220
219
218
 54
 55
 56
 49
 50
 51
216
215
214
 58
 59
 60
 53
 54
 55
212
211
210
 62
 63
 64
 57
 58
 59
208
207
206
 66
 67
 68
 61
 62
 63
204
203
202
 70
 71
 72
 65
 66
 67
200
199
198
 74
 75
 76
 69
 70
 71
196
195
194
 78
 79
 80
 73
 74
 75
192
191
190
 82
 83
 84
 77
 78
 79
188
187
186
 86
 87
 88
 81
 82
 83
184
183
182
 90
 91
 92
 85
 86
 87
180
179
178
 94
 95
 96
 89
 90
 91
176
175
174
 98
 99
100
 93
 94
 95
172
171
170
102
103
104
 97
 98
 99
168
167
166
106
107
108
101
102
103
164
163
162
110
111
112
105
106
107
160
159
158
114
115
116
109
110
111
156
155
154
118
119
120
113
114
115
152
151
150
122
123
124
117
118
119
148
147
146
126
127
128
121
122
123
144
143
142
130
131
132
125
126
127
140
139
138
134
135
136
129
130
131
136
135
134
138
139
140
133
134
135
132
131
130
142
143
144
137
138
139
128
127
126
146
147
148
141
142
143
124
123
122
150
151
152
145
146
147
120
119
118
154
155
156
149
150
151
116
115
114
158
159
160
153
154
155
112
111
110
162
163
164
157
158
159
108
107
106
166
167
168
161
162
163
104
103
102
170
171
172
165
166
167
100
 99
 98
174
175
176
169
170
171
 96
 95
 94
178
179
180
173
174
175
 92
 91
 90
182
183
184
177
178
179
 88
 87
 86
186
187
188
181
182
183
 84
 83
 82
190
191
192
185
186
187
 80
 79
 78
194
195
196
189
190
191
 76
 75
 74
198
199
200
193
194
195
 72
 71
 70
202
203
204
197
198
199
 68
 67
 66
206
207
208
201
202
203
 64
 63
 62
210
211
212
205
206
207
 60
 59
 58
214
215
216
209
210
211
 56
 55
 54
218
219
220
213
214
215
 52
 51
 50
222
223
224
217
218
219
 48
 47
 46
226
227
228
221
222
223
 44
 43
 42
230
231
232
225
226
227
 40
 39
 38
234
235
236
229
230
231
 36
 35
 34
238
239
240
233
234
235
 32
 31
 30
242
243
244
237
238
239
 28
 27
 26
246
247
248
241
242
243
 24
 23
 22
250
251
252
245
246
247
 20
 19
 18
254
255
  0
249
250
251
 16
 15
 14
  2
  3
  4
253
254
255
 12
 11
 10
  6
  7
  8
  1
  2
  3
  8
  7
  6
 10
 11
 12
  5
  6
  7
  4
  3
  2
 14
 15
 16
  9
 10
 11
  0
255
254
 18
 19
 20
 13
 14
 15
252
251
250
 22
 23
 24
 17
 18
 19
248
247
246
 26
 27
 28
 21
 22
 23
244
243
242
 30
 31
 32
 25
 26
 27
240
239
238
 34
 35
 36
 29
 30
 31
236
235
234
 38
 39
 40
 33
 34
 35
232
231
230
 42
 43
 44
 37
 38
 39
228
227
226
 46
 47
 48
 41
 42
 43
224
223
222
 50
 51
 52
 45
 46
 47
220
219
218
 54
 55
 56
 49
 50
 51
216
215
214
 58
 59
 60
 53
 54
 55
212
211
210
 62
 63
 64
 57
 58
 59
208
207
206
 66
 67
 68
 61
 62
 63
204
203
202
 70
 71
 72
 65
 66
 67
200
199
198
 74
 75
 76
 69
 70
 71
196
195
194
 78
 79
 80
 73
 74
 75
192
191
190
 82
 83
 84
 77
 78
 79
188
187
186
 86
 87
 88
 81
 82
 83
184
183
182
 90
 91
 92
 85
 86
 87
180
179
178
 94
 95
 96
 89
 90
 91
176
175
174
 98
 99
100
 93
 94
 95
172
171
170
102
103
104
 97
 98
 99
168
167
166
106
107
108
101
102
103
164
163
162
110
111
112
105
106
107
160
159
158
114
115
116
109
110
111
156
155
154
118
119
120
113
114
115
152
151
150
122
123
124
117
118
119
148
147
146
126
127
128
121
122
123
144
143
142
130
131
132
125
126
127
140
139
138
134
135
136
129
130
131
136
135
134
138
139
140
133
134
135
132
131
130
142
143
144
137
138
139
128
127
126
146
147
148
141
142
143
124
123
122
150
151
152
145
146
147
120
119
118
154
155
156
149
150
151
116
115
114
158
159
160
153
154
155
112
111
110
162
163
164
157
158
159
108
107
106
166
167
168
161
162
163
104
103
102
170
171
172
165
166
167
100
 99
 98
174
175
176
169
170
171
 96
 95
 94
178
179
180
173
174
175
 92
 91
 90
182
183
184
177
178
179
 88
 87
 86
186
187
188
181
182
183
 84
 83
 82
190
191
192
185
186
187
 80
 79
 78
194
195
196
189
190
191
 76
 75
 74
198
199
200
193
194
195
 72
 71
 70
202
203
204
197
198
199
 68
 67
 66
206
207
208
201
202
203
 64
 63
 62
210
211
212
205
206
207
 60
 59
 58
214
215
216
209
210
211
 56
 55
 54
218
219
220
213
214
215
 52
 51
 50
222
223
224
217
218
219
 48
 47
 46
226
227
228
221
222
223
 44
 43
 42
230
231
232
225
226
227
 40
 39
 38
234
235
236
229
230
231
 36
 35
 34
238
239
240
233
234
235
 32
 31
 30
242
243
244
237
238
239
 28
 27
 26
246
247
248
241
242
243
 24
 23
 22
250
251
252
245
246
247
 20
 19
 18
254
255
  0
249
250
251
 16
 15
 14
  2
  3
  4
253
254
255
 12
 11
 10
  6
  7
  8
  1
  2
  3
  8
  7
  6
 10
 11
 12
  5
  6
  7
  4
  3
  2
 14
 15
 16
  9
 10
 11
  0
255
254
 18
 19
 20
 13
 14
 15
252
251
250
 22
 23
 24
 17
 18
 19
248
247
246
 26
 27
 28
 21
 22
 23
244
243
242
 30
 31
 32
 25
 26
 27
240
239
238
 34
 35
 36
 29
 30
 31
236
235
234
 38
 39
 40
 33
 34
 35
232
231
230
 42
 43
 44
 37
 38
 39
228
227
226
 46
 47
 48
 41
 42
 43
224
223
222
 50
 51
 52
 45
 46
 47
220
219
218
 54
 55
 56
 49
 50
 51
216
215
214
 58
 59
 60
 53
 54
 55
212
211
210
 62
 63
 64
 57
 58
 59
208
207
206
 66
 67
 68
 61
 62
 63
204
203
202
 70
 71
 72
 65
 66
 67
200
199
198
 74
 75
 76
 69
 70
 71
196
195
194
 78
 79
 80
 73
 74
 75
192
191
190
 82
 83
 84
 77
 78
 79
188
187
186
 86
 87
 88
 81
 82
 83
184
183
182
 90
 91
 92
 85
 86
 87
180
179
178
 94
 95
 96
 89
 90
 91
176
175
174
 98
 99
100
 93
 94
 95
172
171
170
102
103
104
 97
 98
 99
168
167
166
106
107
108
101
102
103
164
163
162
110
111
112
105
106
107
160
159
158
114
115
116
109
110
111
156
155
154
118
119
120
113
114
115
152
151
150
122
123
124
117
118
119
148
147
146
126
127
128
121
122
123
144
143
142
130
131
132
125
126
127
140
139
138
134
135
136
129
130
131
136
135
134
138
139
140
133
134
135
132
131
130
142
143
144
137
138
139
128
127
126
146
147
148
141
142
143
124
123
122
150
151
152
145
146
147
120
119
118
154
155
156
149
150
151
116
115
114
158
159
160
153
154
155
112
111
110
162
163
164
157
158
159
108
107
106
166
167
168
161
162
163
104
103
102
170
171
172
165
166
167
100
 99
 98
174
175
176
169
170
171
 96
 95
 94
178
179
180
173
174
175
 92
 91
 90
182
183
184
177
178
179
 88
 87
 86
186
187
188
181
182
183
 84
 83
 82
190
191
192
185
186
187
 80
 79
 78
194
195
196
189
190
191
 76
 75
 74
198
199
200
193
194
195
 72
 71
 70
202
203
204
197
198
199
 68
 67
 66
206
207
208
201
202
203
 64
 63
 62
210
211
212
205
206
207
 60
 59
 58
214
215
216
209
210
211
 56
 55
 54
218
219
220
213
214
215
 52
 51
 50
222
223
224
217
218
219
 48
 47
 46
226
227
228
221
222
223
 44
 43
 42
230
231
232
225
226
227
 40
 39
 38
234
235
236
229
230
231
 36
 35
 34
238
239
240
233
234
235
 32
 31
 30
242
243
244
237
238
239
 28
 27
 26
246
247
248
241
242
243
 24
 23
 22
250
251
252
245
246
247
 20
 19
 18
254
255
  0
249
250
251
 16
 15
 14
  2
  3
  4
253
254
255
 12
 11
 10
  6
  7
  8
  1
  2
  3
  8
  7
  6
 10
 11
 12
  5
  6
  7
  4
  3
  2
 14
 15
 16
  9
 10
 11
  0
255
254
 18
 19
 20
 13
 14
 15
252
251
250
 22
 23
 24
 17
 18
 19
248
247
246
 26
 27
 28
 21
 22
 23
244
243
242
 30
 31
 32
 25
 26
 27
240
239
238
 34
 35
 36
 29
 30
 31
236
235
234
 38
 39
 40
 33
 34
 35
232
231
230
 42
 43
 44
 37
 38
 39
228
227
226
 46
 47
 48
 41
 42
 43
224
223
222
 50
 51
 52
 45
 46
 47
220
219
218
 54
 55
 56
 49
 50
 51
216
215
214
 58
 59
 60
 53
 54
 55
212
211
210
 62
 63
 64
 57
 58
 59
208
207
206
 66
 67
 68
 61
 62
 63
204
203
202
 70
 71
 72
 65
 66
 67
200
199
198
 74
 75
 76
 69
 70
 71
196
195
194
 78
 79
 80
 73
 74
 75
192
191
190
 82
 83
 84
 77
 78
 79
188
187
186
 86
 87
 88
 81
 82
 83
184
183
182
 90
 91
 92
 85
 86
 87
180
179
178
 94
 95
 96
 89
 90
 91
176
175
174
 98
 99
100
 93
 94
 95
172
171
170
102
103
104
 97
 98
 99
168
167
166
106
107
108
101
102
103
164
163
162
110
111
112
105
106
107
160
159
158
114
115
116
109
110
111
156
155
154
118
119
120
113
114
115
152
151
150
122
123
124
117
118
119
148
147
146
126
127
128
121
122
123
144
143
142
130
131
132
125
126
127
140
139
138
134
135
136
129
130
131
136
135
134
138
139
140
133
134
135
132
131
130
142
143
144
137
138
139
128
127
126
146
147
148
141
142
143
124
123
122
150
151
152
145
146
147
120
119
118
154
155
156
149
150
151
116
115
114
158
159
160
153
154
155
112
111
110
162
163
164
157
158
159
108
107
106
166
167
168
161
162
163
104
103
102
170
171
172
165
166
167
100
 99
 98
174
175
176
169
170
171
 96
 95
 94
178
179
180
173
174
175
 92
 91
 90
182
183
184
177
178
179
 88
 87
 86
186
187
188
181
182
183
 84
 83
 82
190
191
192
185
186
187
 80
 79
 78
194
195
196
189
190
191
 76
 75
 74
198
199
200
193
194
195
 72
 71
 70
202
203
204
197
198
199
 68
 67
 66
206
207
208
201
202
203
 64
 63
 62
210
211
212
205
206
207
 60
 59
 58
214
215
216
209
210
211
 56
 55
 54
218
219
220
213
214
215
 52
 51
 50
222
223
224
217
218
219
 48
 47
 46
226
227
228
221
222
223
 44
 43
 42
230
231
232
225
226
227
 40
 39
 38
234
235
236
229
230
231
 36
 35
 34
238
239
240
233
234
235
 32
 31
 30
242
243
244
237
238
239
 28
 27
 26
246
247
248
241
242
243
 24
 23
 22
250
251
252
245
246
247
 20
 19
 18
254
255
  0
249
250
251
 16
 15
 14
  2
  3
  4
253
254
255
 12
 11
 10
  6
  7
  8
  1
  2
  3
  8
  7
  6
 10
 11
 12
  5
  6
  7
  4
  3
  2
 14
 15
 16
  9
 10
 11
  0
255
254
 18
 19
 20
 13
 14
 15
252
251
250
 22
 23
 24
 17
 18
 19
248
247
246
 26
 27
 28
 21
 22
 23
244
243
242
 30
 31
 32
 25
 26
 27
240
239
238
 34
 35
 36
 29
 30
 31
236
235
234
 38
 39
 40
 33
 34
 35
232
231
230
 42
 43
 44
 37
 38
 39
228
227
226
 46
 47
 48
 41
 42
 43
224
223
222
 50
 51
 52
 45
 46
 47
220
219
218
 54
 55
 56
 49
 50
 51
216
215
214
 58
 59
 60
 53
 54
 55
212
211
210
 62
 63
 64
 57
 58
 59
208
207
206
 66
 67
 68
 61
 62
 63
204
203
202
 70
 71
 72
 65
 66
 67
200
199
198
 74
 75
 76
 69
 70
 71
196
195
194
 78
 79
 80
 73
 74
 75
192
191
190
 82
 83
 84
 77
 78
 79
188
187
186
 86
 87
 88
 81
 82
 83
184
183
182
 90
 91
 92
 85
 86
 87
180
179
178
 94
 95
 96
 89
 90
 91
176
175
174
 98
 99
100
 93
 94
 95
172
171
170
102
103
104
 97
 98
 99
168
167
166
106
107
108
101
102
103
164
163
162
110
111
112
105
106
107
160
159
158
114
115
116
109
110
111
156
155
154
118
119
120
113
114
115
152
151
150
122
123
124
117
118
119
148
147
146
126
127
128
121
122
123
144
143
142
130
131
132
125
126
127
140
139
138
134
135
136
129
130
131
136
135
134
138
139
140
133
134
135
132
131
130
142
143
144
137
138
139
128
127
126
146
147
148
141
142
143
124
123
122
150
151
152
145
146
147
120
119
118
154
155
156
149
150
151
116
115
114
158
159
160
153
154
155
112
111
110
162
163
164
157
158
159
108
107
106
166
167
168
161
162
163
104
103
102
170
171
172
165
166
167
100
 99
 98
174
175
176
169
170
171
 96
 95
 94
178
179
180
173
174
175
 92
 91
 90
182
183
184
177
178
179
 88
 87
 86
186
187
188
181
182
183
 84
 83
 82
190
191
192
185
186
187
 80
 79
 78
194
195
196
189
190
191
 76
 75
 74
198
199
200
193
194
195
 72
 71
 70
202
203
204
197
198
199
 68
 67
 66
206
207
208
201
202
203
 64
 63
 62
210
211
212
205
206
207
 60
 59
 58
214
215
216
209
210
211
 56
 55
 54
218
219
220
213
214
215
 52
 51
 50
222
223
224
217
218
219
 48
 47
 46
226
227
228
221
222
223
 44
 43
 42
230
231
232
225
226
227
 40
 39
 38
234
235
236
229
230
231
 36
 35
 34
238
239
240
233
234
235
 32
 31
 30
242
243
244
237
238
239
 28
 27
 26
246
247
248
241
242
243
 24
 23
 22
250
251
252
245
246
247
 20
 19
 18
254
255
  0
249
250
251
 16
 15
 14
  2
  3
  4
253
254
255
 12
 11
 10
  6
  7
  8
  1
  2
  3
  8
  7
  6
 10
 11
 12
  5
  6
  7
  4
  3
  2
 14
 15
 16
  9
 10
 11
  0
255
254
 18
 19
 20
 13
 14
 15
252
251
250
 22
 23
 24
 17
 18
 19
248
247
246
 26
 27
 28
 21
 22
 23
244
243
242
 30
 31
 32
 25
 26
 27
240
239
238
 34
 35
 36
 29
 30
 31
236
235
234
 38
 39
 40
 33
 34
 35
232
231
230
 42
 43
 44
 37
 38
 39
228
227
226
 46
 47
 48
 41
 42
 43
224
223
222
 50
 51
 52
 45
 46
 47
220
219
218
 54
 55
 56
 49
 50
 51
216
215
214
 58
 59
 60
 53
 54
 55
212
211
210
 62
 63
 64
 57
 58
 59
208
207
206
 66
 67
 68
 61
 62
 63
204
203
202
 70
 71
 72
 65
 66
 67
200
199
198
 74
 75
 76
 69
 70
 71
196
195
194
 78
 79
 80
 73
 74
 75
192
191
190
 82
 83
 84
 77
 78
 79
188
187
186
 86
 87
 88
 81
 82
 83
184
183
182
 90
 91
 92
 85
 86
 87
180
179
178
 94
 95
 96
 89
 90
 91
176
175
174
 98
 99
100
 93
 94
 95
172
171
170
102
103
104
 97
 98
 99
168
167
166
106
107
108
101
102
103
164
163
162
110
111
112
105
106
107
160
159
158
114
115
116
109
110
111
156
155
154
118
119
120
113
114
115
152
151
150
122
123
124
117
118
119
148
147
146
126
127
128
121
122
123
144
143
142
130
131
132
125
126
127
140
139
138
134
135
136
129
130
131
136
135
134
138
139
140
133
134
135
132
131
130
142
143
144
137
138
139
128
127
126
146
147
148
141
142
143
124
123
122
150
151
152
145
146
147
120
119
118
154
155
156
149
150
151
116
115
114
158
159
160
153
154
155
112
111
110
162
163
164
157
158
159
108
107
106
166
167
168
161
162
163
104
103
102
170
171
172
165
166
167
100
 99
 98
174
175
176
169
170
171
 96
 95
 94
178
179
180
173
174
175
 92
 91
 90
182
183
184
177
178
179
 88
 87
 86
186
187
188
181
182
183
 84
 83
 82
190
191
192
185
186
187
 80
 79
 78
194
195
196
189
190
191
 76
 75
 74
198
199
200
193
194
195
 72
 71
 70
202
203
204
197
198
199
 68
 67
 66
206
207
208
201
202
203
 64
 63
 62
210
211
212
205
206
207
 60
 59
 58
214
215
216
209
210
211
 56
 55
 54
218
219
220
213
214
215
 52
 51
 50
222
223
224
217
218
219
 48
 47
 46
226
227
228
221
222
223
 44
 43
 42
230
231
232
225
226
227
 40
 39
 38
234
235
236
229
230
231
 36
 35
 34
238
239
240
233
234
235
 32
 31
 30
242
243
244
237
238
239
 28
 27
 26
246
247
248
241
242
243
 24
 23
 22
250
251
252
245
246
247
 20
 19
 18
254
255
  0
249
250
251
 16
 15
 14
  2
  3
  4
253
254
255
 12
 11
 10
  6
  7
  8
  1
  2
  3
  8
  7
  6
 10
 11
 12
  5
  6
  7
  4
  3
  2
 14
 15
 16
  9
 10
 11
  0
255
254
 18
 19
 20
 13
 14
 15
252
251
250
 22
 23
 24
 17
 18
 19
248
247
246
 26
 27
 28
 21
 22
 23
244
243
242
 30
 31
 32
 25
 26
 27
240
239
238
 34
 35
 36
 29
 30
 31
236
235
234
 38
 39
 40
 33
 34
 35
232
231
230
 42
 43
 44
 37
 38
 39
228
227
226
 46
 47
 48
 41
 42
 43
224
223
222
 50
 51
 52
 45
 46
 47
220
219
218
 54
 55
 56
 49
 50
 51
216
215
214
 58
 59
 60
 53
 54
 55
212
211
210
 62
 63
 64
 57
 58
 59
208
207
206
 66
 67
 68
 61
 62
 63
204
203
202
 70
 71
 72
 65
 66
 67
200
199
198
 74
 75
 76
 69
 70
 71
196
195
194
 78
 79
 80
 73
 74
 75
192
191
190
 82
 83
 84
 77
 78
 79
188
187
186
 86
 87
 88
 81
 82
 83
184
183
182
 90
 91
 92
 85
 86
 87
180
179
178
 94
 95
 96
 89
 90
 91
176
175
174
 98
 99
100
 93
 94
 95
172
171
170
102
103
104
 97
 98
 99
168
167
166
106
107
108
101
102
103
164
163
162
110
111
112
105
106
107
160
159
158
114
115
116
109
110
111
156
155
154
118
119
120
113
114
115
152
151
150
122
123
124
117
118
119
148
147
146
126
127
128
121
122
123
144
143
142
130
131
132
125
126
127
140
139
138
134
135
136
129
130
131
136
135
134
138
139
140
133
134
135
132
131
130
142
143
144
137
138
139
128
127
126
146
147
148
141
142
143
124
123
122
150
151
152
145
146
147
120
119
118
154
155
156
149
150
151
116
115
114
158
159
160
153
154
155
112
111
110
162
163
164
157
158
159
108
107
106
166
167
168
161
162
163
104
103
102
170
171
172
165
166
167
100
 99
 98
174
175
176
169
170
171
 96
 95
 94
178
179
180
173
174
175
 92
 91
 90
182
183
184
177
178
179
 88
 87
 86
186
187
188
181
182
183
 84
 83
 82
190
191
192
185
186
187
 80
 79
 78
194
195
196
189
190
191
 76
 75
 74
198
199
200
193
194
195
 72
 71
 70
202
203
204
197
198
199
 68
 67
 66
206
207
208
201
202
203
 64
 63
 62
210
211
212
205
206
207
 60
 59
 58
214
215
216
209
210
211
 56
 55
 54
218
219
220
213
214
215
 52
 51
 50
222
223
224
217
218
219
 48
 47
 46
226
227
228
221
222
223
 44
 43
 42
230
231
232
225
226
227
 40
 39
 38
234
235
236
229
230
231
 36
 35
 34
238
239
240
233
234
235
 32
 31
 30
242
243
244
237
238
239
 28
 27
 26
246
247
248
241
242
243
 24
 23
 22
250
251
252
245
246
247
 20
 19
 18
254
255
  0
249
250
251
 16
 15
 14
  2
  3
  4
253
254
255
 12
 11
 10
  6
  7
  8
  1
  2
  3
  8
  7
  6
 10
 11
 12
  5
  6
  7
  4
  3
  2
 14
 15
 16
  9
 10
 11
  0
255
254
 18
 19
 20
 13
 14
 15
252
251
250
 22
 23
 24
 17
 18
 19
248
247
246
 26
 27
 28
 21
 22
 23
244
243
242
 30
 31
 32
 25
 26
 27
240
239
238
 34
 35
 36
 29
 30
 31
236
235
234
 38
 39
 40
 33
 34
 35
232
231
230
 42
 43
 44
 37
 38
 39
228
227
226
 46
 47
 48
 41
 42
 43
224
223
222
 50
 51
 52
 45
 46
 47
220
219
218
 54
 55
 56
 49
 50
 51
216
215
214
 58
 59
 60
 53
 54
 55
212
211
210
 62
 63
 64
 57
 58
 59
208
207
206
 66
 67
 68
 61
 62
 63
204
203
202
 70
 71
 72
 65
 66
 67
200
199
198
 74
 75
 76
 69
 70
 71
196
195
194
 78
 79
 80
 73
 74
 75
192
191
190
 82
 83
 84
 77
 78
 79
188
187
186
 86
 87
 88
 81
 82
 83
184
183
182
 90
 91
 92
 85
 86
 87
180
179
178
 94
 95
 96
 89
 90
 91
176
175
174
 98
 99
100
 93
 94
 95
172
171
170
102
103
104
 97
 98
 99
168
167
166
106
107
108
101
102
103
164
163
162
110
111
112
105
106
107
160
159
158
114
115
116
109
110
111
156
155
154
118
119
120
113
114
115
152
151
150
122
123
124
117
118
119
148
147
146
126
127
128
121
122
123
144
143
142
130
131
132
125
126
127
140
139
138
134
135
136
129
130
131
136
135
134
138
139
140
133
134
135
132
131
130
142
143
144
137
138
139
128
127
126
146
147
148
141
142
143
124
123
122
150
151
152
145
146
147
120
119
118
154
155
156
149
150
151
116
115
114
158
159
160
153
154
155
112
111
110
162
163
164
157
158
159
108
107
106
166
167
168
161
162
163
104
103
102
170
171
172
165
166
167
100
 99
 98
174
175
176
169
170
171
 96
 95
 94
178
179
180
173
174
175
 92
 91
 90
182
183
184
177
178
179
 88
 87
 86
186
187
188
181
182
183
 84
 83
 82
190
191
192
185
186
187
 80
 79
 78
194
195
196
189
190
191
 76
 75
 74
198
199
200
193
194
195
 72
 71
 70
202
203
204
197
198
199
 68
 67
 66
206
207
208
201
202
203
 64
 63
 62
210
211
212
205
206
207
 60
 59
 58
214
215
216
209
210
211
 56
 55
 54
218
219
220
213
214
215
 52
 51
 50
222
223
224
217
218
219
 48
 47
 46
226
227
228
221
222
223
 44
 43
 42
230
231
232
225
226
227
 40
 39
 38
234
235
236
229
230
231
 36
 35
 34
238
239
240
233
234
235
 32
 31
 30
242
243
244
237
238
239
 28
 27
 26
246
247
248
241
242
243
 24
 23
 22
250
251
252
245
246
247
 20
 19
 18
254
255
  0
249
250
251
 16
 15
 14
  2
  3
  4
253
254
255
 12
 11
 10
  6
  7
  8
  1
  2
  3
  8
  7
  6
 10
 11
 12
  5
  6
  7
  4
  3
  2
 14
 15
 16
  9
 10
 11
  0
255
254
 18
 19
 20
 13
 14
 15
252
251
250
 22
 23
 24
 17
 18
 19
248
247
246
 26
 27
 28
 21
 22
 23
244
243
242
 30
 31
 32
 25
 26
 27
240
239
238
 34
 35
 36
 29
 30
 31
236
235
234
 38
 39
 40
 33
 34
 35
232
231
230
 42
 43
 44
 37
 38
 39
228
227
226
 46
 47
 48
 41
 42
 43
224
223
222
 50
 51
 52
 45
 46
 47
220
219
218
 54
 55
 56
 49
 50
 51
216
215
214
 58
 59
 60
 53
 54
 55
212
211
210
 62
 63
 64
 57
 58
 59
208
207
206
 66
 67
 68
 61
 62
 63
204
203
202
 70
 71
 72
 65
 66
 67
200
199
198
 74
 75
 76
 69
 70
 71
196
195
194
 78
 79
 80
 73
 74
 75
192
191
190
 82
 83
 84
 77
 78
 79
188
187
186
 86
 87
 88
 81
 82
 83
184
183
182
 90
 91
 92
 85
 86
 87
180
179
178
 94
 95
 96
 89
 90
 91
176
175
174
 98
 99
100
 93
 94
 95
172
171
170
102
103
104
 97
 98
 99
168
167
166
106
107
108
101
102
103
164
163
162
110
111
112
105
106
107
160
159
158
114
115
116
109
110
111
156
155
154
118
119
120
113
114
115
152
151
150
122
123
124
117
118
119
148
147
146
126
127
128
121
122
123
144
143
142
130
131
132
125
126
127
140
139
138
134
135
136
129
130
131
136
135
134
138
139
140
133
134
135
132
131
130
142
143
144
137
138
139
128
127
126
146
147
148
141
142
143
124
123
122
150
151
152
145
146
147
120
119
118
154
155
156
149
150
151
116
115
114
158
159
160
153
154
155
112
111
110
162
163
164
157
158
159
108
107
106
166
167
168
161
162
163
104
103
102
170
171
172
165
166
167
100
 99
 98
174
175
176
169
170
171
 96
 95
 94
178
179
180
173
174
175
 92
 91
 90
182
183
184
177
178
179
 88
 87
 86
186
187
188
181
182
183
 84
 83
 82
190
191
192
185
186
187
 80
 79
 78
194
195
196
189
190
191
 76
 75
 74
198
199
200
193
194
195
 72
 71
 70
202
203
204
197
198
199
 68
 67
 66
206
207
208
201
202
203
 64
 63
 62
210
211
212
205
206
207
 60
 59
 58
214
215
216
209
210
211
 56
 55
 54
218
219
220
213
214
215
 52
 51
 50
222
223
224
217
218
219
 48
 47
 46
226
227
228
221
222
223
 44
 43
 42
230
231
232
225
226
227
 40
 39
 38
234
235
236
229
230
231
 36
 35
 34
238
239
240
233
234
235
 32
 31
 30
242
243
244
237
238
239
 28
 27
 26
246
247
248
241
242
243
 24
 23
 22
250
251
252
245
246
247
 20
 19
 18
254
255
  0
249
250
251
 16
 15
 14
  2
  3
  4
253
254
255
 12
 11
 10
  6
  7
  8
  1
  2
  3
  8
  7
  6
 10
 11
 12
  5
  6
  7
  4
  3
  2
 14
 15
 16
  9
 10
 11
  0
255
254
 18
 19
 20
 13
 14
 15
252
251
250
 22
 23
 24
 17
 18
 19
248
247
246
 26
 27
 28
 21
 22
 23
244
243
242
 30
 31
 32
 25
 26
 27
240
239
238
 34
 35
 36
 29
 30
 31
236
235
234
 38
 39
 40
 33
 34
 35
232
231
230
 42
 43
 44
 37
 38
 39
228
227
226
 46
 47
 48
 41
 42
 43
224
223
222
 50
 51
 52
 45
 46
 47
220
219
218
 54
 55
 56
 49
 50
 51
216
215
214
 58
 59
 60
 53
 54
 55
212
211
210
 62
 63
 64
 57
 58
 59
208
207
206
 66
 67
 68
 61
 62
 63
204
203
202
 70
 71
 72
 65
 66
 67
200
199
198
 74
 75
 76
 69
 70
 71
196
195
194
 78
 79
 80
 73
 74
 75
192
191
190
 82
 83
 84
 77
 78
 79
188
187
186
 86
 87
 88
 81
 82
 83
184
183
182
 90
 91
 92
 85
 86
 87
180
179
178
 94
 95
 96
 89
 90
 91
176
175
174
 98
 99
100
 93
 94
 95
172
171
170
102
103
104
 97
 98
 99
168
167
166
106
107
108
101
102
103
164
163
162
110
111
112
105
106
107
160
159
158
114
115
116
109
110
111
156
155
154
118
119
120
113
114
115
152
151
150
122
123
124
117
118
119
148
147
146
126
127
128
121
122
123
144
143
142
130
131
132
125
126
127
140
139
138
134
135
136
129
130
131
136
135
134
138
139
140
133
134
135
132
131
130
142
143
144
137
138
139
128
127
126
146
147
148
141
142
143
124
123
122
150
151
152
145
146
147
120
119
118
154
155
156
149
150
151
116
115
114
158
159
160
153
154
155
112
111
110
162
163
164
157
158
159
108
107
106
166
167
168
161
162
163
104
103
102
170
171
172
165
166
167
100
 99
 98
174
175
176
169
170
171
 96
 95
 94
178
179
180
173
174
175
 92
 91
 90
182
183
184
177
178
179
 88
 87
 86
186
187
188
181
182
183
 84
 83
 82
190
191
192
185
186
187
 80
 79
 78
194
195
196
189
190
191
 76
 75
 74
198
199
200
193
194
195
 72
 71
 70
202
203
204
197
198
199
 68
 67
 66
206
207
208
201
202
203
 64
 63
 62
210
211
212
205
206
207
 60
 59
 58
214
215
216
209
210
211
 56
 55
 54
218
219
220
213
214
215
 52
 51
 50
222
223
224
217
218
219
 48
 47
 46
226
227
228
221
222
223
 44
 43
 42
230
231
232
225
226
227
 40
 39
 38
234
235
236
229
230
231
 36
 35
 34
238
239
240
233
234
235
 32
 31
 30
242
243
244
237
238
239
 28
 27
 26
246
247
248
241
242
243
 24
 23
 22
250
251
252
245
246
247
 20
 19
 18
254
255
  0
249
250
251
 16
 15
 14
  2
  3
  4
253
254
255
 12
 11
 10
  6
  7
  8
  1
  2
  3
  8
  7
  6
 10
 11
 12
  5
  6
  7
  4
  3
  2
 14
 15
 16
  9
 10
 11
  0
255
254
 18
 19
 20
 13
 14
 15
252
251
250
 22
 23
 24
 17
 18
 19
248
247
246
 26
 27
 28
 21
 22
 23
244
243
242
 30
 31
 32
 25
 26
 27
240
239
238
 34
 35
 36
 29
 30
 31
236
235
234
 38
 39
 40
 33
 34
 35
232
231
230
 42
 43
 44
 37
 38
 39
228
227
226
 46
 47
 48
 41
 42
 43
224
223
222
 50
 51
 52
 45
 46
 47
220
219
218
 54
 55
 56
 49
 50
 51
216
215
214
 58
 59
 60
 53
 54
 55
212
211
210
 62
 63
 64
 57
 58
 59
208
207
206
 66
 67
 68
 61
 62
 63
204
203
202
 70
 71
 72
 65
 66
 67
200
199
198
 74
 75
 76
 69
 70
 71
196
195
194
 78
 79
 80
 73
 74
 75
192
191
190
 82
 83
 84
 77
 78
 79
188
187
186
 86
 87
 88
 81
 82
 83
184
183
182
 90
 91
 92
 85
 86
 87
180
179
178
 94
 95
 96
 89
 90
 91
176
175
174
 98
 99
100
 93
 94
 95
172
171
170
102
103
104
 97
 98
 99
168
167
166
106
107
108
101
102
103
164
163
162
110
111
112
105
106
107
160
159
158
114
115
116
109
110
111
156
155
154
118
119
120
113
114
115
152
151
150
122
123
124
117
118
119
148
147
146
126
127
128
121
122
123
144
143
142
130
131
132
125
126
127
140
139
138
134
135
136
129
130
131
136
135
134
138
139
140
133
134
135
132
131
130
142
143
144
137
138
139
128
127
126
146
147
148
141
142
143
124
123
122
150
151
152
145
146
147
120
119
118
154
155
156
149
150
151
116
115
114
158
159
160
153
154
155
112
111
110
162
163
164
157
158
159
108
107
106
166
167
168
161
162
163
104
103
102
170
171
172
165
166
167
100
 99
 98
174
175
176
169
170
171
 96
 95
 94
178
179
180
173
174
175
 92
 91
 90
182
183
184
177
178
179
 88
 87
 86
186
187
188
181
182
183
 84
 83
 82
190
191
192
185
186
187
 80
 79
 78
194
195
196
189
190
191
 76
 75
 74
198
199
200
193
194
195
 72
 71
 70
202
203
204
197
198
199
 68
 67
 66
206
207
208
201
202
203
 64
 63
 62
210
211
212
205
206
207
 60
 59
 58
214
215
216
209
210
211
 56
 55
 54
218
219
220
213
214
215
 52
 51
 50
222
223
224
217
218
219
 48
 47
 46
226
227
228
221
222
223
 44
 43
 42
230
231
232
225
226
227
 40
 39
 38
234
235
236
229
230
231
 36
 35
 34
238
239
240
233
234
235
 32
 31
 30
242
243
244
237
238
239
 28
 27
 26
246
247
248
241
242
243
 24
 23
 22
250
251
252
245
246
247
 20
 19
 18
254
255
  0
249
250
251
 16
 15
 14
  2
  3
  4
253
254
255
 12
 11
 10
  6
  7
  8
  1
  2
  3
  8
  7
  6
 10
 11
 12
  5
  6
  7
  8
  7
  6
 14
 15
 16
  9
 10
 11
 12
 11
 10
 18
 19
 20
 13
 14
 15
 16
 15
 14
 22
 23
 24
 17
 18
 19
 20
 19
 18
 26
 27
 28
 21
 22
 23
 24
 23
 22
 30
 31
 32
 25
 26
 27
 28
 27
 26
 34
 35
 36
 29
 30
 31
 32
 31
 30
 38
 39
 40
 33
 34
 35
 36
 35
 34
 42
 43
 44
 37
 38
 39
 40
 39
 38
 46
 47
 48
 41
 42
 43
 44
 43
 42
 50
 51
 52
 45
 46
 47
 48
 47
 46
 54
 55
 56
 49
 50
 51
 52
 51
 50
 58
 59
 60
 53
 54
 55
 56
 55
 54
 62
 63
 64
 57
 58
 59
 60
 59
 58
 66
 67
 68
 61
 62
 63
 64
 63
 62
 70
 71
 72
 65
 66
 67
 68
 67
 66
 74
 75
 76
 69
 70
 71
 72
 71
 70
 78
 79
 80
 73
 74
 75
 76
 75
 74
 82
 83
 84
 77
 78
 79
 80
 79
 78
 86
 87
 88
 81
 82
 83
 84
 83
 82
 90
 91
 92
 85
 86
 87
 88
 87
 86
 94
 95
 96
 89
 90
 91
 92
 91
 90
 98
 99
100
 93
 94
 95
 96
 95
 94
102
103
104
 97
 98
 99
100
 99
 98
106
107
108
101
102
103
104
103
102
110
111
112
105
106
107
108
107
106
114
115
116
109
110
111
112
111
110
118
119
120
113
114
115
116
115
114
122
123
124
117
118
119
120
119
118
126
127
128
121
122
123
124
123
122
130
131
132
125
126
127
128
127
126
134
135
136
129
130
131
132
131
130
138
139
140
133
134
135
136
135
134
142
143
144
137
138
139
140
139
138
146
147
148
141
142
143
144
143
142
150
151
152
145
146
147
148
147
146
154
155
156
149
150
151
152
151
150
158
159
160
153
154
155
156
155
154
162
163
164
157
158
159
160
159
158
166
167
168
161
162
163
164
163
162
170
171
172
165
166
167
168
167
166
174
175
176
169
170
171
172
171
170
178
179
180
173
174
175
176
175
174
182
183
184
177
178
179
180
179
178
186
187
188
181
182
183
184
183
182
190
191
192
185
186
187
188
187
186
194
195
196
189
190
191
192
191
190
198
199
200
193
194
195
196
195
194
202
203
204
197
198
199
200
199
198
206
207
208
201
202
203
204
203
202
210
211
212
205
206
207
208
207
206
214
215
216
209
210
211
212
211
210
218
219
220
213
214
215
216
215
214
222
223
224
217
218
219
220
219
218
226
227
228
221
222
223
224
223
222
230
231
232
225
226
227
228
227
226
234
235
236
229
230
231
232
231
230
238
239
240
233
234
235
236
235
234
242
243
244
237
238
239
240
239
238
246
247
248
241
242
243
244
243
242
250
251
252
245
246
247
248
247
246
254
255
  0
249
250
251
252
251
250
  2
  3
  4
253
254
255
  0
255
254
  6
  7
  8
  1
  2
  3
  4
  3
  2
 10
 11
 12
  5
  6
  7
  8
  7
  6
 14
 15
 16
  9
 10
 11
 12
 11
 10
 18
 19
 20
 13
 14
 15
 16
 15
 14
 22
 23
 24
 17
 18
 19
 20
 19
 18
 26
 27
 28
 21
 22
 23
 24
 23
 22
 30
 31
 32
 25
 26
 27
 28
 27
 26
 34
 35
 36
 29
 30
 31
 32
 31
 30
 38
 39
 40
 33
 34
 35
 36
 35
 34
 42
 43
 44
 37
 38
 39
 40
 39
 38
 46
 47
 48
 41
 42
 43
 44
 43
 42
 50
 51
 52
 45
 46
 47
 48
 47
 46
 54
 55
 56
 49
 50
 51
 52
 51
 50
 58
 59
 60
 53
 54
 55
 56
 55
 54
 62
 63
 64
 57
 58
 59
 60
 59
 58
 66
 67
 68
 61
 62
 63
 64
 63
 62
 70
 71
 72
 65
 66
 67
 68
 67
 66
 74
 75
 76
 69
 70
 71
 72
 71
 70
 78
 79
 80
 73
 74
 75
 76
 75
 74
 82
 83
 84
 77
 78
 79
 80
 79
 78
 86
 87
 88
 81
 82
 83
 84
 83
 82
 90
 91
 92
 85
 86
 87
 88
 87
 86
 94
 95
 96
 89
 90
 91
 92
 91
 90
 98
 99
100
 93
 94
 95
 96
 95
 94
102
103
104
 97
 98
 99
100
 99
 98
106
107
108
101
102
103
104
103
102
110
111
112
105
106
107
108
107
106
114
115
116
109
110
111
112
111
110
118
119
120
113
114
115
116
115
114
122
123
124
117
118
119
120
119
118
126
127
128
121
122
123
124
123
122
130
131
132
125
126
127
128
127
126
134
135
136
129
130
131
132
131
130
138
139
140
133
134
135
136
135
134
142
143
144
137
138
139
140
139
138
146
147
148
141
142
143
144
143
142
150
151
152
145
146
147
148
147
146
154
155
156
149
150
151
152
151
150
158
159
160
153
154
155
156
155
154
162
163
164
157
158
159
160
159
158
166
167
168
161
162
163
164
163
162
170
171
172
165
166
167
168
167
166
174
175
176
169
170
171
172
171
170
178
179
180
173
174
175
176
175
174
182
183
184
177
178
179
180
179
178
186
187
188
181
182
183
184
183
182
190
191
192
185
186
187
188
187
186
194
195
196
189
190
191
192
191
190
198
199
200
193
194
195
196
195
194
202
203
204
197
198
199
200
199
198
206
207
208
201
202
203
204
203
202
210
211
212
205
206
207
208
207
206
214
215
216
209
210
211
212
211
210
218
219
220
213
214
215
216
215
214
222
223
224
217
218
219
220
219
218
226
227
228
221
222
223
224
223
222
230
231
232
225
226
227
228
227
226
234
235
236
229
230
231
232
231
230
238
239
240
233
234
235
236
235
234
242
243
244
237
238
239
240
239
238
246
247
248
241
242
243
244
243
242
250
251
252
245
246
247
248
247
246
254
255
  0
249
250
251
252
251
250
  2
  3
  4
253
254
255
  0
255
254
  6
  7
  8
  1
  2
  3
  4
  3
  2
 10
 11
 12
  5
  6
  7
  8
  7
  6
 14
 15
 16
  9
 10
 11
 12
 11
 10
 18
 19
 20
 13
 14
 15
 16
 15
 14
 22
 23
 24
 17
 18
 19
 20
 19
 18
 26
 27
 28
 21
 22
 23
 24
 23
 22
 30
 31
 32
 25
 26
 27
 28
 27
 26
 34
 35
 36
 29
 30
 31
 32
 31
 30
 38
 39
 40
 33
 34
 35
 36
 35
 34
 42
 43
 44
 37
 38
 39
 40
 39
 38
 46
 47
 48
 41
 42
 43
 44
 43
 42
 50
 51
 52
 45
 46
 47
 48
 47
 46
 54
 55
 56
 49
 50
 51
 52
 51
 50
 58
 59
 60
 53
 54
 55
 56
 55
 54
 62
 63
 64
 57
 58
 59
 60
 59
 58
 66
 67
 68
 61
 62
 63
 64
 63
 62
 70
 71
 72
 65
 66
 67
 68
 67
 66
 74
 75
 76
 69
 70
 71
 72
 71
 70
 78
 79
 80
 73
 74
 75
 76
 75
 74
 82
 83
 84
 77
 78
 79
 80
 79
 78
 86
 87
 88
 81
 82
 83
 84
 83
 82
 90
 91
 92
 85
 86
 87
 88
 87
 86
 94
 95
 96
 89
 90
 91
 92
 91
 90
 98
 99
100
 93
 94
 95
 96
 95
 94
102
103
104
 97
 98
 99
100
 99
 98
106
107
108
101
102
103
104
103
102
110
111
112
105
106
107
108
107
106
114
115
116
109
110
111
112
111
110
118
119
120
113
114
115
116
115
114
122
123
124
117
118
119
120
119
118
126
127
128
121
122
123
124
123
122
130
131
132
125
126
127
128
127
126
134
135
136
129
130
131
132
131
130
138
139
140
133
134
135
136
135
134
142
143
144
137
138
139
140
139
138
146
147
148
141
142
143
144
143
142
150
151
152
145
146
147
148
147
146
154
155
156
149
150
151
152
151
150
158
159
160
153
154
155
156
155
154
162
163
164
157
158
159
160
159
158
166
167
168
161
162
163
164
163
162
170
171
172
165
166
167
168
167
166
174
175
176
169
170
171
172
171
170
178
179
180
173
174
175
176
175
174
182
183
184
177
178
179
180
179
178
186
187
188
181
182
183
184
183
182
190
191
192
185
186
187
188
187
186
194
195
196
189
190
191
192
191
190
198
199
200
193
194
195
196
195
194
202
203
204
197
198
199
200
199
198
206
207
208
201
202
203
204
203
202
210
211
212
205
206
207
208
207
206
214
215
216
209
210
211
212
211
210
218
219
220
213
214
215
216
215
214
222
223
224
217
218
219
220
219
218
226
227
228
221
222
223
224
223
222
230
231
232
225
226
227
228
227
226
234
235
236
229
230
231
232
231
230
238
239
240
233
234
235
236
235
234
242
243
244
237
238
239
240
239
238
246
247
248
241
242
243
244
243
242
250
251
252
245
246
247
248
247
246
254
255
  0
249
250
251
252
251
250
  2
  3
  4
253
254
255
  0
255
254
  6
  7
  8
  1
  2
  3
  4
  3
  2
 10
 11
 12
  5
  6
  7
  8
  7
  6
 14
 15
 16
  9
 10
 11
 12
 11
 10
 18
 19
 20
 13
 14
 15
 16
 15
 14
 22
 23
 24
 17
 18
 19
 20
 19
 18
 26
 27
 28
 21
 22
 23
 24
 23
 22
 30
 31
 32
 25
 26
 27
 28
 27
 26
 34
 35
 36
 29
 30
 31
 32
 31
 30
 38
 39
 40
 33
 34
 35
 36
 35
 34
 42
 43
 44
 37
 38
 39
 40
 39
 38
 46
 47
 48
 41
 42
 43
 44
 43
 42
 50
 51
 52
 45
 46
 47
 48
 47
 46
 54
 55
 56
 49
 50
 51
 52
 51
 50
 58
 59
 60
 53
 54
 55
 56
 55
 54
 62
 63
 64
 57
 58
 59
 60
 59
 58
 66
 67
 68
 61
 62
 63
 64
 63
 62
 70
 71
 72
 65
 66
 67
 68
 67
 66
 74
 75
 76
 69
 70
 71
 72
 71
 70
 78
 79
 80
 73
 74
 75
 76
 75
 74
 82
 83
 84
 77
 78
 79
 80
 79
 78
 86
 87
 88
 81
 82
 83
 84
 83
 82
 90
 91
 92
 85
 86
 87
 88
 87
 86
 94
 95
 96
 89
 90
 91
 92
 91
 90
 98
 99
100
 93
 94
 95
 96
 95
 94
102
103
104
 97
 98
 99
100
 99
 98
106
107
108
101
102
103
104
103
102
110
111
112
105
106
107
108
107
106
114
115
116
109
110
111
112
111
110
118
119
120
113
114
115
116
115
114
122
123
124
117
118
119
120
119
118
126
127
128
121
122
123
124
123
122
130
131
132
125
126
127
128
127
126
134
135
136
129
130
131
132
131
130
138
139
140
133
134
135
136
135
134
142
143
144
137
138
139
140
139
138
146
147
148
141
142
143
144
143
142
150
151
152
145
146
147
148
147
146
154
155
156
149
150
151
152
151
150
158
159
160
153
154
155
156
155
154
162
163
164
157
158
159
160
159
158
166
167
168
161
162
163
164
163
162
170
171
172
165
166
167
168
167
166
174
175
176
169
170
171
172
171
170
178
179
180
173
174
175
176
175
174
182
183
184
177
178
179
180
179
178
186
187
188
181
182
183
184
183
182
190
191
192
185
186
187
188
187
186
194
195
196
189
190
191
192
191
190
198
199
200
193
194
195
196
195
194
202
203
204
197
198
199
200
199
198
206
207
208
201
202
203
204
203
202
210
211
212
205
206
207
208
207
206
214
215
216
209
210
211
212
211
210
218
219
220
213
214
215
216
215
214
222
223
224
217
218
219
220
219
218
226
227
228
221
222
223
224
223
222
230
231
232
225
226
227
228
227
226
234
235
236
229
230
231
232
231
230
238
239
240
233
234
235
236
235
234
242
243
244
237
238
239
240
239
238
246
247
248
241
242
243
244
243
242
250
251
252
245
246
247
248
247
246
254
255
  0
249
250
251
252
251
250
  2
  3
  4
253
254
255
  0
255
254
  6
  7
  8
  1
  2
  3
  4
  3
  2
 10
 11
 12
  5
  6
  7
  8
  7
  6
 14
 15
 16
  9
 10
 11
 12
 11
 10
 18
 19
 20
 13
 14
 15
 16
 15
 14
 22
 23
 24
 17
 18
 19
 20
 19
 18
 26
 27
 28
 21
 22
 23
 24
 23
 22
 30
 31
 32
 25
 26
 27
 28
 27
 26
 34
 35
 36
 29
 30
 31
 32
 31
 30
 38
 39
 40
 33
 34
 35
 36
 35
 34
 42
 43
 44
 37
 38
 39
 40
 39
 38
 46
 47
 48
 41
 42
 43
 44
 43
 42
 50
 51
 52
 45
 46
 47
 48
 47
 46
 54
 55
 56
 49
 50
 51
 52
 51
 50
 58
 59
 60
 53
 54
 55
 56
 55
 54
 62
 63
 64
 57
 58
 59
 60
 59
 58
 66
 67
 68
 61
 62
 63
 64
 63
 62
 70
 71
 72
 65
 66
 67
 68
 67
 66
 74
 75
 76
 69
 70
 71
 72
 71
 70
 78
 79
 80
 73
 74
 75
 76
 75
 74
 82
 83
 84
 77
 78
 79
 80
 79
 78
 86
 87
 88
 81
 82
 83
 84
 83
 82
 90
 91
 92
 85
 86
 87
 88
 87
 86
 94
 95
 96
 89
 90
 91
 92
 91
 90
 98
 99
100
 93
 94
 95
 96
 95
 94
102
103
104
 97
 98
 99
100
 99
 98
106
107
108
101
102
103
104
103
102
110
111
112
105
106
107
108
107
106
114
115
116
109
110
111
112
111
110
118
119
120
113
114
115
116
115
114
122
123
124
117
118
119
120
119
118
126
127
128
121
122
123
124
123
122
130
131
132
125
126
127
128
127
126
134
135
136
129
130
131
132
131
130
138
139
140
133
134
135
136
135
134
142
143
144
137
138
139
140
139
138
146
147
148
141
142
143
144
143
142
150
151
152
145
146
147
148
147
146
154
155
156
149
150
151
152
151
150
158
159
160
153
154
155
156
155
154
162
163
164
157
158
159
160
159
158
166
167
168
161
162
163
164
163
162
170
171
172
165
166
167
168
167
166
174
175
176
169
170
171
172
171
170
178
179
180
173
174
175
176
175
174
182
183
184
177
178
179
180
179
178
186
187
188
181
182
183
184
183
182
190
191
192
185
186
187
188
187
186
194
195
196
189
190
191
192
191
190
